$Version
[1] "VAST_v14_0_1"

$n_x
[1] 500

$Region
[1] "northwest_atlantic"

$strata.limits
$strata.limits$AllEPU.stratum_number2
  [1] 11001 10601 10901 11301 11901 34601 35201 35501 10501 12501 12301 12001 11601 34801 35401 12401 35101 35301
 [19] 35001 35601 35701 12201 12101 35801 35901 12901 36001 36101 12601 12701 11701 36301 36401 36501 36601 36201
 [37] 12801 14001 36801 36901 36701 37001 37201 37101 13101 13401 13301 39081 13801 37401 37301 37501 13601 37801
 [55] 37701 13901 37601 38101 38001 37901 38301 38201 38501 38401 13511 38701 38601 13521 39001 39201 38901 38801
 [73] 34402 34302 34202 16102 16202 16302 16402 33902 34002 34102 16502 16602 16702 16802 33602 33702 33802 33302
 [91] 33402 33502 17202 33102 33202 17002 17102 33002 16902 32702 32802 32902 17502 17402 32402 32502 32602 17302
[109] 32302 32202 10402 10302 31802 31902 32002 10202 10102 31502 31602 31702 10802 10702 10602 11202 11102 11002
[127] 11502 31202 31302 31402 11402 31102 11302 31002 30802 10502 30902 10902 30702 30602 11902 30502 35202 30302
[145] 30402 35502 34602 11802 11702 30202 11602 30102 12302 34502 12502 12002 35402 34802 12402 34702 35102 35302
[163] 39202 35002 35802 35702 35602 12102 35902 12202 12802 12902 36002 36102 12702 12602 36302 36202 36402 36502
[181] 36602 13102 13002 13202 13702 14002 13602 36802 36702 36902 13402 37002 37102 39082 37202 13802 13302 37302
[199] 37402 37502 37802 13902 37702 37602 38102 38002 37902 38302 38202 38402 38502 38702 13512 38602 13522 39002
[217] 38802 38902

$strata.limits$her_sp.stratum_number2
 [1] 11001 10601 10901 11301 11901 10501 12501 12301 12001 11601 12401 12201 12101 12901 12601 12701 11701 12801
[19] 14001 13801 13601 13901 16102 16202 16302 16402 16502 16602 16702 16802 17202 17002 17102 16902 17502 17602
[37] 17402 17302 10402 10302 10202 10102 10802 10702 10602 11202 11102 11002 11502 11402 11302 10502 10902 11902
[55] 11802 11702 11602 12302 12502 12002 12402 12102 12202 12802 12902 12702 12602 13002 13702 14002 13602 13802
[73] 13902

$strata.limits$her_fa.stratum_number2
 [1] 11001 10601 10901 11301 11901 10501 12501 12301 12001 11601 12401 12201 12101 12901 12601 12701 11701 12801
[19] 14001 13801 13601 13901 10802 10702 10602 11202 11102 11002 11502 11402 11302 10502 10902 11902 11802 11702
[37] 11602 12302 12502 12002 12402 12102 12202 12802 12902 12702 12602 13002 13702 14002 13602 13802 13902

$strata.limits$her_larv.stratum_number2
 [1] 11001 10601 10501 35101 35001 10901 11301 11901 34601 35201 35501 12501 12301 12001 11601 34801 35401 35301
[19] 12101 11701 12401 35601 35701 12201 35801 35901 12901 36001 36101 12601 12701 36301 36401 36501 36601 36201
[37] 12801 14001 36801 36901 36701 37001 37201 37101 13801 37401 37301 37501 13601 37801 37701 13901 37601 38101
[55] 38001 37901 38301 38201 13101 13401 13301 39081 38501 38401 13511 38701 38601 13521 39001 39201 38901 38801

$strata.limits$no_larv.stratum_number2
  [1] 34402 34302 34202 16102 16202 16302 16402 33902 34002 34102 16502 16602 16702 16802 33602 33702 33802 33302
 [19] 33402 33502 17202 33102 33202 17002 17102 33002 16902 32702 32802 32902 17502 17402 32402 32502 32602 17302
 [37] 32302 32202 10402 10302 31802 31902 32002 10202 10102 31502 31602 31702 10802 10702 10602 11202 11102 11002
 [55] 31202 31302 31402 31102 31002 30802 10502 30902 30702 30602 30502 30302 30402 30202 30102 34502 34702 35102
 [73] 35002 11502 11402 11302 10902 11902 35202 35502 34602 11802 11702 11602 12302 12502 12002 35402 34802 35302
 [91] 12102 12402 35802 35702 35602 35902 12202 12802 12902 36002 36102 12702 12602 36302 36202 36402 36502 36602
[109] 13702 14002 13602 36802 36702 36902 37002 37102 37202 13802 37302 37402 37502 37802 13902 37702 37602 38102
[127] 38002 37902 38302 38202 39202 13102 13002 13202 13402 39082 13302 38402 38502 38702 13512 38602 13522 39002
[145] 38802 38902

$strata.limits$MAB.stratum_number2
 [1] 11001 10601 10501 35101 35001 34402 34302 34202 16102 16202 16302 16402 33902 34002 34102 16502 16602 16702
[19] 16802 33602 33702 33802 33302 33402 33502 17202 33102 33202 17002 17102 33002 16902 32702 32802 32902 17502
[37] 17402 32402 32502 32602 17302 32302 32202 10402 10302 31802 31902 32002 10202 10102 31502 31602 31702 10802
[55] 10702 10602 11202 11102 11002 31202 31302 31402 31102 31002 30802 10502 30902 30702 30602 30502 30302 30402
[73] 30202 30102 34502 34702 35102 35002

$strata.limits$GB.stratum_number2
 [1] 10901 11301 11901 34601 35201 35501 12501 12301 12001 11601 34801 35401 35301 12101 11701 11502 11402 11302
[19] 10902 11902 35202 35502 34602 11802 11702 11602 12302 12502 12002 35402 34802 35302 12102

$strata.limits$GOM.stratum_number2
 [1] 12401 35601 35701 12201 35801 35901 12901 36001 36101 12601 12701 36301 36401 36501 36601 36201 12801 14001
[19] 36801 36901 36701 37001 37201 37101 13801 37401 37301 37501 13601 37801 37701 13901 37601 38101 38001 37901
[37] 38301 38201 12402 35802 35702 35602 35902 12202 12802 12902 36002 36102 12702 12602 36302 36202 36402 36502
[55] 36602 13702 14002 13602 36802 36702 36902 37002 37102 37202 13802 37302 37402 37502 37802 13902 37702 37602
[73] 38102 38002 37902 38302 38202

$strata.limits$SS.stratum_number2
 [1] 13101 13401 13301 39081 38501 38401 13511 38701 38601 13521 39001 39201 38901 38801 39202 13102 13002 13202
[19] 13402 39082 13302 38402 38502 38702 13512 38602 13522 39002 38802 38902


$zone
[1] NA

$FieldConfig
        Component_1 Component_2
Omega   "IID"       "IID"      
Epsilon "IID"       "IID"      
Beta    "IID"       "IID"      

$RhoConfig
   Beta1    Beta2 Epsilon1 Epsilon2 
       0        0        0        0 

$VamConfig
Method   Rank Timing 
     0      0      0 

$OverdispersionConfig
eta1 eta2 
   0    0 

$ObsModel
[1] 2 4

$vars_to_correct
[1] "Index_cyl" "Index_ctl"

$Options
           Calculate_Range   Calculate_effective_area treat_nonencounter_as_zero 
                      TRUE                       TRUE                       TRUE 

$grid_size_km
[1] 25

$max_cells
[1] 5000

$knot_method
[1] "grid"

$Method
[1] "Mesh"

$use_anisotropy
[1] TRUE

$fine_scale
[1] TRUE

$bias.correct
[1] TRUE

